53879874987239847293847324987324983274479874359875
87502975674373758415096868434386093026459607761957
89402576105839574268025798631542656689420142035286
03866254859037254759860382648597047173940683629406
76846305981726558473928176850981767758493657365748
02546138468351297854123694585213569845631258746963
857403945144368924360078172648370210023485739193728
20951320936786977411168296896402813289335446265246
6743109875735687645342533657869878977567582439282
28365921408629742730629472974782961036549202963741
17490729856389021658239671059832658106894639675493
953147526895310894765236981672942576307584265981674853961753
59748210346995147411235487142569301245000129986527
1235488564123594781235215948256465562365698158917
29463752096382670637281496386576559372840513574359
18364589283716740928347628374920983726361527384927630
4759204629485610475638592648694638601328542849564
978356341023987639286018293973675361920839128765397
23535790756347890654213567865437905432223467788965 
46246346478656512345648535609765451378965357976513
123224457688899556645781943564444777998653421200105
10583950172849102758391037582901842397502943807345
16473201640987601234061731976420131064790465370197
76382010325082462946204639104358693258691248965470
95308154920437186032170326589670231867495437895630
86298104518071456789109538296273850592361958547108
5394587219087623654174934784925478913957321968104
82640566107362985617293758165892756739017363782806104
74982923258726534261807463529806412094569826354109
6575142098125351789209187265152516789016749233532
54299945623451234232324234557843445556623454009732
85746378475668757689034657898765746576387564763546
31054246017171398096085338382525334740149131060105
01745361836451089764532145617890453218532869451769