18575734932089702792144339391342829009838902927600
99810349716753400553502665754851358206981718943173
65218737272703866524342059269683995858771658075362
93049174582102753301267023622273305213709274757549
27540322486653632392842887880718119434477544394315
746337377421905144626384014838452230601326365027883176642
45147170479058318058348940856949424994415155483863
34237720406996019335803137534497602844499515410901
1381560664132329431053540356633498250090053413621
95974752980282398461972836700621058461397781582746
76579826017847296576463958941877424963316958842283
91191590565640228193496801758163840139429208142088
20454690299463765205998819783175448012711996556221
40124283011677091754088048806266575048744970010064
48172817033718571687699052050431269126758942354642
42632192681612607135255937799846876848766637463737
084830913023031875975519252439917826264027996616
31732442716080219316644607184506702451604612011797
63827239211348339438798962905840179686360943255300
65062888973239251361632702390752395982653489399468
065805948768646275141094064993115341987321729914315
25910097771886869455712444493582861381259764637551
13427984573762023435625689831225304205902149070999
67416032154670753881650296586399155315134290551333
32636847179672315
16532483088503470195490556744841010321876589956758
39455823828688310814186283547319475525274711575402
54348046617748038786859837871569491342785308294728
698673143258427609481838812458575873401409706867
45368910929346892092484109702357131627533023890207
6986731432584276094818388124585758734014097068671818
87354120431902320905952954328610661326976076266926
6113521146625276984127734085241913826858280955075
37578751829441953816699647593380581097441970408876
88325257374385618259110897501964314793725720708094
05896055397098285800445563078599861108297845198039
98823094162509868026351628228075608165070483489644
1683618365946329769197332664504433270265296440733230
60835948712972056368036299922692205555021936131309
14236778741870667215842752231935277070188776280303
23374028626604207305052378520354210425772442559140
4270087490764352482693868107163766930730372723741749153359492453428928874859
17542458522477357582702959966498541023115101387432
37047991591787902994485501682558654515388125485742
54146042912012322855614889532717717240122627994410
82686913997298743825568158111262387326261042642491
9146730313932407899673786143290414208441146741535124
67426897337032190690287477060200884221903212516552
89117173856747773113661537343917519627079549216170
9378005434045787378968957940658402609222670666397496
70647461914851144652443807415205521286862020067172
