90128563072067820009477451238672057119930457694767
93598114687809736282607835735035224524609941771253
98215895479485285098899091308172519346689879790412
58799470752895953027053791363289347211095312750720
907238124657638
58763782936023746581903765427998759234664837734121
71026854417306637843642239013890716007463033345212
05968734125488563326970100145875668843214459875621
62644226259669759129746432304395844795875979634801
69257041429210089349006358830314106569819621241680
86724202827161437408765492786519869781248256746520
01234567890123456789012345678901234567890123456789
44393173240199502380016764527161367097444355876385
92974633461857743957293118229241458835744531133781
75168731039595264158037087041456081406327037274516
26498164938513829076049925124902553860124639617398
24958723498735987357393847594003857392020385034930
748392037581165748392875728495837275920119283215463
16870281345463125781644613097963464797523132684654
15049768328641509785824687291049763824970521467853
18745309172834958732657123752097957387412165489765
10478294758293847586738475091758274639827584920567
97447532152385278542246725679808654322346787652334
14721172854839708300857392101972582348620459195449
23846693777352102388435611638509814275872346591737
37722504638367906223939304237549660388461168026514
09995430782007292911097589828795552754745481965287
25863254789653215236547896523256487459628973189020
