47796586980289697568759695665517157299781741491255
19450833779497446698060268643181523422924316776326
94786394927392551467596218556484340287163998424165171
64079224320499215193527094274925509720983764055479
95076369623700896158531420828549780644065756946107
95109254267237087162850872049910014666606934352543
9681324227750520412084311778362086425913741403701895044507576668563242456
93905849130885307671803377759779815450406004508428
16926539549424241734396825797942963322331213218107
80129321979360275038885263104587257887904993301724
9371699290336354529074965146405609127548752881574
74850466564788157133643242701577120650882647257091
15452935541510645510350947107201788001792464135972
13842994871045977552798427450697742656414883406830
0809230546462603894832672239604062464659457420252
10842881282668896752789802434682655789626562663797
45368910929346892092484109702357131627533023890207
95618131122294700219784482415815445098198891529424
75116329255621499470951835223312458109131586557735
91758470369414848815038632640986605244160899442142
3724467318576854052616459608035904616045947747232097
56287891088699234201957552645554915186288103709855
628981849208453628176074175578224666387907260467750
54834517443481890496880563765032503535926271374514
98862405482956247369333449623309027391137081058407
123726554039444066616546669812794016117438031442
58361131387001800510642225047421267495399707590971
52710314165536334773200549635491466719499256643771
11351964712248442133833448299147401916929709782733
04820965702365744166216404138597571994011075505481
38356750975367702086214802247690575931284579612052
01060652722159599745589563929274161013544777148660
27222280787891903104933048606423488894126536509198
04680472667929079707702290502025767138443684581563
48290022266587224538924207586781264807425984310372
289682624417807819162644
31448350739349163285687087989353089830355384383950
07970780150899316677212153557850476824480668120600
816092524900550656068820053943975294042977799777394
09548121823388281599786284393448937918615556384584
79425929894905438450373697647333225685242402160195
90447240163994449258915452220947381972857356081416
29442012082969234213675190569210533735923778160066
56687636414636657904357378244366516685104935195776
57907919335490054245374836258264105168437864450295
9183589839644056859368882636863710502768783853127701434
77056659956030015723582371471547219056714260143368
79664684364914394999572722150580428992181009895079
93449442141990214468925539286769175103982467582463
73438052397350830280687187344606418762993203121704
070483046129164263198208628507869517290189


