87408127384988637510092747382629830914338729951620
38624658285327624520838307142404572881860772501668
47502471039271947204546396219307104760361318032727
65487321033514568721205454682105764312398310723931
04382787903779105826096344452128104453819633734682
17352936475396357391046938047301628407462301673824
691059111281049850171044343100804004508100810774096110881
41236548520149654785329105478301456872934560182459
37495832134578694302859012085649320175934021345768
9911532869542335988769288583575347984636198914862
12369390086592485023521198848112254645596698594376
24562159875326512485623698465123826742985412360289
62859168467309836981174903782874097336712392775610
16875934268598759123468571005230495713084592367812
41355333205833474542413754513565043648137813576942
684133542320745
19905620918923162286759910778774934416345490139305
01234567890123456789012345678901234567890123456789
82704917362839462438466575231849253384767463521805
13645897202569874510369582045793165879452130698735
38462049691938560285369753508212145864098765432759
21090621607985333186351256386930916120008492421293
65110441601990482886039636259826390280587143451961
45068142962158882581882048445118628047345870238425
586794125487589654120002365897402457869032465980124
6766653489678545682573598868657474745758585858086
83559333643739546688213649197621617239281393266891
16543928564920384519273409564738293841210098342537465893526349856421239846575655
75647382987574718284859402934876932098468302983476
50062318851200340598553201831363371928442816470182
10845384937542749762956782946574839045368906765221
83189723297361348788828345373047613379652412153621
95743851264851256795125154025789451205784210256983542458
56403958391028348720486629285656382928756583920286
51239485960394851234575019402387465839201293746578490
3620593826535278104827421764527184635325217321232147
83462139282821159865272539411662776441773409368002
89196025991994814979608967736170200863904377144677
32782282428273221162184855322133342353686765525237
12864592761853418925487204059105078621864598356912
92618462040173659302172538402724122782040795356596
52486159754682157984215368424861854878951254893492
65123567432789042132134567875434563245289804257136
68745987892340197856452788856765376124396905634124
82367523019853452363214528472373018462931264983421
28349581920395810293838491928475637491940385741928
09876543211234567890098765432112345678900987654321
969219928685723
01234567801299992134567890123456789012345678901299
17402654729837481055244376824375527487936253758794
019403859302860375910294837215423176987384057382956
03748571027385046182930475849301727465382910475839

